 136  50  61  76 143 241 167  54 109  53  24 155 184 116 195 124
  99  67  36 180  97  49  28 221  95 209  38 177  71 185   1  84
 248 163  79 146 156  96  66 144 172  57 236  63 190 140 136  57
 244  56 139  46 148 210 173 120 233 217 188 210 120 135 218  72
  49 164  76 187  78  11 119 194  90 160 249 173 105  54  51  96
 174 173 162 183 160 172 109 173 100 250  22 223  10 168 223 150
  49  84  22  31  62  96 118  72 116 203  66 202  59 170 243  61
 167 132 226  42  49 142 156 111 180  90 170 141  97 205  16 218
 164 218  57 214  93 144 102 152 247 131  28 250 113 191 103  38
  71 236  26  46  25  81 208  66 245 116  56 158 218 152 182 130
  31 143 198  11  41 147 194 137 144 214 110 215 221 244 239 223
  79 187  37 189 186  39 181 225  55 227  45  84 210 161 215 248
 164 108 203 172 106 122 195 238 109 101  35   8  33 243 219 188
 223 133 228 230 186 143 178 225 124 167 182  61  13  16 254 171
 112 236 165 219  97 228  92  62  30  70 147 233  85 160 135 148
